median remaining misalignment in px (1672x941); in brackets: share of box usable
n    sleeve(left) | fist lines(in flame) | right white region | hair/streaks(top)
76 43.56 (0.20) | 13.53 (0.55) | 12.78 (0.31) | 69.91 (0.01)
77 24.97 (0.33) | 17.58 (0.41) | 15.04 (0.44) | 29.80 (0.06)
78 22.70 (0.44) |  9.03 (0.43) | 10.98 (0.45) | 25.76 (0.10)
79 13.27 (0.49) |  8.69 (0.46) |  7.79 (0.42) | 20.13 (0.10)
80 13.74 (0.49) |  5.28 (0.47) |  6.38 (0.41) | 14.60 (0.15)
81 10.75 (0.51) |  3.92 (0.46) |  4.94 (0.41) | 11.97 (0.22)
82  7.56 (0.54) |  3.18 (0.43) |  3.78 (0.41) |  8.00 (0.23)
83  5.28 (0.55) |  2.35 (0.42) |  2.73 (0.38) |  5.54 (0.23)
84  2.41 (0.51) |  1.31 (0.38) |  1.84 (0.34) |  2.95 (0.21)
85  1.49 (0.52) |  0.54 (0.37) |  0.86 (0.31) |  1.41 (0.22)
86  0.00 (0.51) |  0.00 (0.37) |  0.00 (0.31) |  0.00 (0.23)
87  2.17 (0.52) |  0.66 (0.37) |  0.89 (0.30) |  0.86 (0.23)
88  4.12 (0.52) |  1.45 (0.37) |  1.86 (0.31) |  1.93 (0.24)
89  5.13 (0.54) |  2.43 (0.38) |  3.56 (0.31) |  4.08 (0.26)
90  8.04 (0.54) |  3.55 (0.39) |  4.75 (0.31) |  7.92 (0.27)
